##FastQC	0.12.1
>>Basic Statistics	pass
#Measure	Value
Filename	SRR8893090_2.processed.fastq.gz
File type	Conventional base calls
Encoding	Sanger / Illumina 1.9
Total Sequences	1472011
Total Bases	218.1 Mbp
Sequences flagged as poor quality	0
Sequence length	31-151
%GC	43
>>END_MODULE
>>Per base sequence quality	pass
#Base	Mean	Median	Lower Quartile	Upper Quartile	10th Percentile	90th Percentile
1	30.672088727597824	32.0	32.0	33.0	18.0	33.0
2	30.966615738605213	32.0	32.0	33.0	29.0	34.0
3	31.474074582323095	32.0	32.0	33.0	29.0	34.0
4	31.378755321801265	33.0	32.0	33.0	29.0	34.0
5	31.558476125518084	33.0	32.0	33.0	30.0	34.0
6	34.69113342223665	37.0	33.0	37.0	32.0	37.0
7	34.86875777422859	37.0	34.0	37.0	32.0	37.0
8	34.523924073936946	37.0	33.0	37.0	31.0	37.0
9	34.74888299068417	37.0	33.0	37.0	32.0	37.0
10-14	35.45693693865059	37.4	34.6	37.4	32.6	37.4
15-19	36.34034935880234	38.0	37.0	38.0	33.4	38.0
20-24	36.631798403680406	38.0	37.0	38.4	34.0	38.4
25-29	36.83561427190422	38.0	37.0	39.0	33.6	39.0
30-34	36.831277948556036	38.0	37.0	39.0	34.0	39.0
35-39	36.59733265761285	38.0	37.0	39.0	33.0	39.0
40-44	36.61679685096866	38.0	37.0	39.0	33.0	39.0
45-49	36.51860595717111	38.0	37.0	39.0	33.0	39.0
50-54	36.41589276777247	38.0	37.0	39.0	33.0	39.0
55-59	36.36774392016176	38.0	37.0	39.0	32.8	39.0
60-64	36.30145720643495	38.0	37.0	39.0	32.8	39.0
65-69	36.29618479020851	38.0	37.0	39.0	32.8	39.0
70-74	36.30793282210502	38.0	37.0	39.0	33.0	39.0
75-79	36.11291789321397	38.0	37.0	39.0	32.2	39.0
80-84	36.07377301939754	38.0	36.8	39.0	32.0	39.0
85-89	36.115310127014894	38.0	37.0	39.0	32.2	39.0
90-94	36.030908851644625	38.0	37.0	39.0	31.6	39.0
95-99	35.91562774906809	38.0	36.6	39.0	30.8	39.0
100-104	35.66445023516104	38.0	36.0	39.0	29.8	39.0
105-109	35.71136817024467	38.0	36.0	39.0	30.0	39.0
110-114	35.57338414812973	38.0	36.0	39.0	30.0	39.0
115-119	35.48540116257384	38.0	36.0	39.0	29.6	39.0
120-124	35.085173174685124	38.0	35.4	39.0	24.0	39.0
125-129	35.05107512330748	38.0	35.0	39.0	27.0	39.0
130-134	34.88491181115536	38.0	35.0	39.0	21.8	39.0
135-139	34.622144998071974	38.0	34.4	39.0	18.2	39.0
140-144	34.327784382559244	38.0	34.0	39.0	17.0	39.0
145-149	34.030359217488794	37.2	33.6	39.0	16.6	39.0
150-151	32.11173534397852	35.5	29.0	38.5	15.5	39.0
>>END_MODULE
>>Per sequence quality scores	pass
#Quality	Count
24	1.0
25	246.0
26	6872.0
27	25343.0
28	32468.0
29	37125.0
30	41786.0
31	48856.0
32	58604.0
33	73678.0
34	97924.0
35	139776.0
36	230847.0
37	469161.0
38	209324.0
>>END_MODULE
>>Per base sequence content	fail
#Base	G	A	T	C
1	38.94705949887603	23.52258237200673	15.615304505197312	21.91505362391993
2	13.957640262199128	20.821923205736915	43.236022013422456	21.984414518641504
3	16.324538335651024	29.235311420906502	31.385295354450477	23.054854888992
4	12.355885927482879	19.55318268681416	41.49941814293507	26.59151324276789
5	13.150920747195501	37.475806906334256	36.76419537625738	12.60907697021286
6	26.480848308878123	39.53020731502686	20.916487716464076	13.07245665963094
7	23.102680618555162	32.35994839712475	27.459713276599157	17.077657707720935
8	22.320213639707855	37.86513823605937	22.197048799227723	17.617599325005042
9	22.560021630273145	18.080707277323334	23.586984064657127	35.772287027746394
10-14	22.56184226884174	24.705209404005814	29.88070061976439	22.852247707388056
15-19	21.555001966697258	29.58283599782882	27.326072970922095	21.536089064551827
20-24	21.46213581284379	28.617041584607723	28.4010377639841	21.519784838564384
25-29	21.68024559599079	28.342546353254157	28.29295433254235	21.684253718212705
30-34	21.568816068701736	28.46403018893765	28.294792139234982	21.67236160312563
35-39	21.62120913337428	28.39506541962593	28.30978540286076	21.673940044139034
40-44	21.6237525388605	28.41231625016273	28.253975422619693	21.709955788357078
45-49	21.623713491935188	28.360045341795175	28.332711152526276	21.68353001374336
50-54	21.646249411893056	28.405299440190372	28.184553072816165	21.763898075100403
55-59	21.60524301451484	28.272797355549773	28.3528109574524	21.76914867248298
60-64	21.682781323529632	28.28472766569561	28.256141594334107	21.776349416440656
65-69	21.642719524450907	28.358609299465947	28.233138183440172	21.76553299264297
70-74	21.69441139784837	28.223502367072516	28.282252040628258	21.799834194450852
75-79	21.701416791007482	28.30602784748486	28.2108079653095	21.781747396198163
80-84	21.688339238190743	28.27970290210426	28.253998864944986	21.777958994760013
85-89	21.701420592693264	28.1379744045137	28.304079909529506	21.856525093263535
90-94	21.681889672286935	28.203228854131652	28.344157505889317	21.770723967692092
95-99	21.734375851306574	28.204271155414595	28.197588940351803	21.863764052927024
100-104	21.737932272752285	28.16813798708247	28.253924092429422	21.84000564773582
105-109	21.72110488702603	28.194771044044064	28.259542954685855	21.82458111424405
110-114	21.694046225873294	28.232269038622704	28.235789477213473	21.83789525829053
115-119	21.717679884179695	28.123633186764724	28.318731109783002	21.83995581927258
120-124	21.761962638489802	28.1392169398408	28.24976991548346	21.849050506185936
125-129	21.70836814309876	28.191561563140414	28.264744881008745	21.83532541275208
130-134	21.765241434550514	28.150276412481073	28.191372016184822	21.89311013678359
135-139	21.754794677819987	28.160489638063435	28.238996575752168	21.84571910836441
140-144	21.73698193032813	28.17438622232035	28.196095469405492	21.892536377946026
145-149	21.846329384653703	28.28846511162359	28.289284837035712	21.575920666686994
150-151	25.719706698849105	34.36973326343271	29.894084718151525	10.016475319566663
>>END_MODULE
>>Per sequence GC content	pass
#GC Content	Count
0	1.0
1	0.5
2	0.0
3	0.0
4	0.0
5	0.0
6	0.0
7	0.0
8	0.0
9	0.0
10	0.5
11	1.5
12	3.0
13	7.0
14	16.0
15	29.5
16	96.0
17	171.5
18	237.5
19	381.0
20	652.5
21	1120.0
22	1677.5
23	2452.0
24	3525.5
25	5138.5
26	7162.5
27	9307.5
28	11865.5
29	14952.5
30	18242.5
31	21701.0
32	25194.5
33	28692.0
34	32686.5
35	37256.5
36	42065.0
37	46467.5
38	51591.5
39	57151.5
40	62031.5
41	65977.0
42	69545.5
43	73363.0
44	76245.0
45	76966.5
46	76249.5
47	75194.5
48	72290.0
49	67805.5
50	61717.0
51	54496.0
52	47235.5
53	40024.0
54	33161.0
55	26968.5
56	21575.0
57	16940.0
58	13329.0
59	10160.0
60	7552.5
61	5566.0
62	3984.0
63	2825.0
64	2061.0
65	1475.0
66	1018.5
67	727.5
68	498.0
69	318.5
70	207.0
71	122.5
72	66.5
73	44.0
74	26.5
75	8.5
76	3.5
77	3.0
78	1.5
79	0.0
80	0.0
81	0.0
82	0.5
83	0.5
84	0.0
85	0.0
86	0.0
87	0.0
88	0.0
89	0.0
90	0.5
91	0.5
92	0.0
93	0.0
94	0.0
95	0.0
96	0.0
97	0.0
98	0.0
99	1.0
100	4.0
>>END_MODULE
>>Per base N content	pass
#Base	N-Count
1	0.0
2	0.0
3	0.0
4	0.0
5	0.0
6	0.0
7	0.0
8	0.0
9	0.0
10-14	0.0
15-19	0.0
20-24	0.0
25-29	0.0
30-34	0.0
35-39	0.0
40-44	0.0
45-49	0.0
50-54	0.0
55-59	0.0
60-64	0.0
65-69	0.0
70-74	0.0
75-79	0.0
80-84	0.0
85-89	0.0
90-94	0.0
95-99	0.0
100-104	0.0
105-109	0.0
110-114	0.0
115-119	0.0
120-124	0.0
125-129	0.0
130-134	0.0
135-139	0.0
140-144	0.0
145-149	0.0
150-151	0.0
>>END_MODULE
>>Sequence Length Distribution	warn
#Length	Count
30-34	7.0
35-39	1140.0
40-44	1602.0
45-49	1938.0
50-54	1913.0
55-59	2283.0
60-64	2233.0
65-69	2500.0
70-74	2603.0
75-79	2712.0
80-84	2922.0
85-89	3061.0
90-94	3171.0
95-99	3296.0
100-104	3637.0
105-109	3737.0
110-114	4068.0
115-119	4065.0
120-124	4425.0
125-129	4499.0
130-134	4881.0
135-139	5085.0
140-144	5678.0
145-149	110627.0
150-152	1289928.0
>>END_MODULE
>>Sequence Duplication Levels	pass
#Total Deduplicated Percentage	73.89715543964358
#Duplication Level	Percentage of total
1	58.778888039149834
2	20.52045837675995
3	8.51103542798669
4	4.055791777715983
5	2.0654279610541475
6	1.209555070469918
7	0.7232940870703226
8	0.5116574212583073
9	0.40358033413305794
>10	2.859108912599009
>50	0.3122861388478279
>100	0.04891645295501021
>500	0.0
>1k	0.0
>5k	0.0
>10k+	0.0
>>END_MODULE
>>Overrepresented sequences	pass
>>END_MODULE
>>Adapter Content	pass
#Position	Illumina Universal Adapter	Illumina Small RNA 3' Adapter	Illumina Small RNA 5' Adapter	Nextera Transposase Sequence	PolyA	PolyG
1	0.0	0.0	0.0	0.0	0.0	0.0
2	0.0	0.0	0.0	0.0	0.0	0.0
3	0.0	0.0	0.0	0.0	0.0	0.0
4	0.0	0.0	0.0	0.0	0.0	0.0
5	0.0	0.0	0.0	0.0	0.0	0.0
6	0.0	0.0	0.0	0.0	0.0	6.793427494767363E-5
7	0.0	0.0	0.0	0.0	0.0	6.793427494767363E-5
8	0.0	0.0	0.0	0.0	0.0	6.793427494767363E-5
9	0.0	0.0	0.0	0.0	0.0	6.793427494767363E-5
10-14	0.0	0.0	0.0	0.0	1.2228169490581254E-4	6.793427494767363E-5
15-19	0.0	1.086948399162778E-4	0.0	0.0	2.0380282484302087E-4	6.793427494767363E-5
20-24	0.0	1.3586854989534726E-4	0.0	0.0	2.5815024480115977E-4	6.793427494767363E-5
25-29	0.0	1.902159698534861E-4	0.0	0.0	4.347793596651112E-4	6.793427494767363E-5
30-34	0.0	2.0380282484302087E-4	0.0	0.0	4.7553992463371543E-4	6.793427494767363E-5
35-39	0.0	2.0380282484302087E-4	0.0	0.0	6.114084745290627E-4	6.793427494767363E-5
40-44	0.0	2.0380282484302087E-4	0.0	0.0	6.114084745290627E-4	6.793427494767363E-5
45-49	0.0	2.0380282484302087E-4	0.0	0.0	6.114084745290627E-4	6.793427494767363E-5
50-54	5.43474199581389E-5	2.0380282484302087E-4	0.0	0.0	6.114084745290627E-4	6.793427494767363E-5
55-59	6.793427494767363E-5	2.717370997906945E-4	0.0	0.0	6.114084745290627E-4	6.793427494767363E-5
60-64	6.793427494767363E-5	2.717370997906945E-4	0.0	0.0	6.114084745290627E-4	6.793427494767363E-5
65-69	6.793427494767363E-5	2.717370997906945E-4	0.0	0.0	6.929296044662709E-4	6.793427494767363E-5
70-74	6.793427494767363E-5	2.717370997906945E-4	0.0	0.0	8.152112993720835E-4	6.793427494767363E-5
75-79	6.793427494767363E-5	2.717370997906945E-4	0.0	0.0	8.695587193302224E-4	1.2228169490581254E-4
80-84	6.793427494767363E-5	2.717370997906945E-4	0.0	0.0	0.0010190141242151043	2.3097653482209035E-4
85-89	6.793427494767363E-5	2.717370997906945E-4	0.0	0.0	0.0011141221091418474	3.8043193970697226E-4
90-94	6.793427494767363E-5	3.124976647592987E-4	0.0	0.0	0.0013043380789953337	5.027136346127849E-4
95-99	6.793427494767363E-5	4.619530696441807E-4	0.0	0.0	0.0013858592089325418	6.657558944872015E-4
100-104	6.793427494767363E-5	5.43474199581389E-4	0.0	0.0	0.001548901468806959	9.37492994277896E-4
105-109	6.793427494767363E-5	5.43474199581389E-4	0.0	0.0	0.0016440094537337017	0.0012092300940685905
110-114	6.793427494767363E-5	6.657558944872015E-4	0.0	0.0	0.0018613991335662571	0.0013450986439639376
115-119	6.793427494767363E-5	7.472770244244098E-4	0.0	0.0	0.0020244413934406734	0.001535314613817424
120-124	6.793427494767363E-5	7.608638794139446E-4	0.0	5.43474199581389E-5	0.0021059625233778826	0.001834225423587188
125-129	6.793427494767363E-5	8.287981543616182E-4	0.0	6.793427494767363E-5	0.0023369390581999727	0.0022961784932313684
130-134	6.793427494767363E-5	8.831455743197571E-4	0.0	6.793427494767363E-5	0.002513568173063924	0.0028260658378232227
135-139	6.793427494767363E-5	9.510798492674309E-4	0.0	6.793427494767363E-5	0.0027037841429174104	0.003138563502582522
140	6.793427494767363E-5	0.0010190141242151043	0.0	6.793427494767363E-5	0.0027853052728546187	0.0033967137473836814
>>END_MODULE
