##FastQC	0.12.1
>>Basic Statistics	pass
#Measure	Value
Filename	SRR8893090_1.fastq.gz
File type	Conventional base calls
Encoding	Sanger / Illumina 1.9
Total Sequences	1588288
Total Bases	235.4 Mbp
Sequences flagged as poor quality	0
Sequence length	35-151
%GC	43
>>END_MODULE
>>Per base sequence quality	pass
#Base	Mean	Median	Lower Quartile	Upper Quartile	10th Percentile	90th Percentile
1	32.436820652173914	33.0	32.0	34.0	32.0	34.0
2	32.65837052222267	33.0	32.0	34.0	32.0	34.0
3	32.8562905468026	33.0	32.0	34.0	32.0	34.0
4	32.991479504976425	33.0	33.0	34.0	32.0	34.0
5	32.825121136720796	33.0	33.0	34.0	32.0	34.0
6	35.409836251359955	37.0	35.0	37.0	33.0	37.0
7	35.67302592476931	37.0	35.0	37.0	33.0	37.0
8	35.612782442478945	37.0	35.0	37.0	33.0	37.0
9	35.746968433936416	37.0	35.0	37.0	33.0	37.0
10-14	36.225456214490066	37.4	35.8	37.4	34.6	37.4
15-19	37.270368975903615	38.0	38.0	38.0	37.0	38.0
20-24	37.50172991296289	38.4	38.0	38.4	37.0	38.4
25-29	37.81837878268929	39.0	38.0	39.0	36.8	39.0
30-34	37.75861707700367	39.0	38.0	39.0	36.8	39.0
35-39	37.81472487532237	39.0	38.0	39.0	37.0	39.0
40-44	37.77052531434116	39.0	38.0	39.0	37.0	39.0
45-49	37.79839653895934	39.0	38.0	39.0	37.0	39.0
50-54	37.768141672744605	39.0	38.0	39.0	37.0	39.0
55-59	37.78829221465779	39.0	38.0	39.0	36.8	39.0
60-64	37.79579785958364	39.0	38.0	39.0	37.0	39.0
65-69	37.72031132547407	39.0	38.0	39.0	36.6	39.0
70-74	37.72159769556116	39.0	38.0	39.0	36.8	39.0
75-79	37.67137336093636	39.0	38.0	39.0	36.4	39.0
80-84	37.691347076053276	39.0	38.0	39.0	36.8	39.0
85-89	37.631732170463515	39.0	38.0	39.0	36.6	39.0
90-94	37.542799612305046	39.0	38.0	39.0	36.0	39.0
95-99	37.5317472887986	39.0	38.0	39.0	36.0	39.0
100-104	37.4677219100303	39.0	38.0	39.0	36.0	39.0
105-109	37.44897552195674	39.0	38.0	39.0	36.0	39.0
110-114	37.38137912379599	39.0	38.0	39.0	36.0	39.0
115-119	37.34001644428109	39.0	38.0	39.0	35.6	39.0
120-124	37.293628223111384	39.0	38.0	39.0	35.2	39.0
125-129	37.29209791247066	39.0	38.0	39.0	35.2	39.0
130-134	37.14133835308202	39.0	38.0	39.0	34.6	39.0
135-139	37.103940736239004	39.0	38.0	39.0	34.4	39.0
140-144	37.01997871692955	39.0	38.0	39.0	34.0	39.0
145-149	36.99666710784013	39.0	38.0	39.0	34.0	39.0
150-151	35.927483427051385	38.0	36.5	39.0	30.5	39.0
>>END_MODULE
>>Per sequence quality scores	pass
#Quality	Count
2	515.0
3	0.0
4	0.0
5	0.0
6	0.0
7	0.0
8	0.0
9	0.0
10	0.0
11	0.0
12	0.0
13	0.0
14	0.0
15	0.0
16	0.0
17	1.0
18	6.0
19	29.0
20	76.0
21	209.0
22	497.0
23	839.0
24	1435.0
25	2363.0
26	3753.0
27	5541.0
28	7723.0
29	10512.0
30	14263.0
31	18566.0
32	24234.0
33	31973.0
34	44991.0
35	66151.0
36	116213.0
37	348251.0
38	890147.0
>>END_MODULE
>>Per base sequence content	fail
#Base	G	A	T	C
1	39.071328206236025	23.43584378875318	15.71345526092206	21.779372744088732
2	14.24492040109008	20.976550174363716	42.56313717389072	22.215392250655476
3	16.62813261089589	29.125951883550105	31.324502935873078	22.92141256968093
4	12.785832735535873	19.776441594610816	40.76099039346305	26.67673527639026
5	13.203272760023003	37.56456370022667	36.64976038766247	12.582403152087862
6	25.84286292813897	39.31556966896401	20.791133241338656	14.050434161558359
7	23.20275001527296	32.4117490346542	27.407696188309032	16.977804761763803
8	22.56002589790858	37.95183568432011	21.985510523229706	17.5026278945416
9	22.59063480736856	18.041369893555313	23.516459846590163	35.85153545248597
10-14	22.70733914734663	24.717336798144316	29.739742393906432	22.835581660602617
15-19	21.747529401243124	29.615820397500148	27.268570507245055	21.368079694011676
20-24	21.62583694268639	28.540439974731907	28.32024477050561	21.513478312076096
25-29	21.780720543805696	28.36397898188217	28.2359128162527	21.619387658059434
30-34	21.713519501843148	28.441458571218938	28.186976349893843	21.658045577044074
35-39	21.789961119683564	28.316383645496785	28.23766294259449	21.65599229222516
40-44	21.796623545344225	28.3580147133653	28.14344427732513	21.701917463965344
45-49	21.767805346101525	28.32913653737505	28.253385895861804	21.64967222066162
50-54	21.79025270539076	28.34868267366733	28.124737702746295	21.736326918195616
55-59	21.767378324011258	28.231267287440744	28.24595037824148	21.755404010306517
60-64	21.816261708282667	28.305855183956197	28.126219695305455	21.75166341245568
65-69	21.78026576208872	28.304868496388842	28.122882275798943	21.791983465723494
70-74	21.83507305668159	28.250685983305473	28.201829780513314	21.71241117949962
75-79	21.827208521300385	28.317566711186437	28.105973610413166	21.749251157100012
80-84	21.817448604100186	28.29551103020233	28.180515914719077	21.706524450978403
85-89	21.815141028534313	28.169700937292024	28.18035183772784	21.83480619644582
90-94	21.809371503892066	28.236047470451403	28.22205663265646	21.732524393000073
95-99	21.857683765295935	28.215543617829454	28.091813927081784	21.83495868979283
100-104	21.800025504751513	28.22219142435544	28.186109021102673	21.791674049790373
105-109	21.86471261792457	28.18590963788673	28.147418922804317	21.80195882138438
110-114	21.837238795808087	28.26265274534595	28.131511555774708	21.76859690307126
115-119	21.865866871499424	28.133783038747932	28.20146705759158	21.798883032161058
120-124	21.900807802293293	28.21004445922677	28.10006986208447	21.78907787639547
125-129	21.86631173861667	28.20651658645705	28.17508740507507	21.752084269851213
130-134	21.88314900944935	28.176987033795225	28.11627540083937	21.823588555916054
135-139	21.86482849427951	28.21033212027221	28.169014454226836	21.755824931221444
140-144	21.867212024712877	28.252100415288435	28.089307034191485	21.79138052580721
145-149	21.98614494943949	28.352826248976655	28.18301493323875	21.478013868345116
150-151	25.654206044175947	34.587318826888485	29.82118253001792	9.937292598917644
>>END_MODULE
>>Per sequence GC content	pass
#GC Content	Count
0	515.0
1	257.5
2	0.0
3	0.0
4	0.0
5	0.0
6	0.0
7	0.0
8	0.0
9	0.0
10	0.0
11	1.0
12	2.5
13	7.0
14	15.0
15	30.0
16	104.0
17	191.0
18	259.0
19	387.5
20	686.5
21	1164.5
22	1763.0
23	2596.5
24	3649.0
25	5367.5
26	7553.0
27	9719.0
28	12398.5
29	15665.5
30	19121.0
31	22988.5
32	26674.0
33	30140.0
34	34200.0
35	39185.5
36	44297.0
37	49176.0
38	54850.0
39	60839.5
40	66082.0
41	70673.5
42	75188.5
43	79466.0
44	82586.0
45	83270.0
46	82782.0
47	81683.5
48	78884.0
49	74132.5
50	67376.0
51	59570.5
52	51622.5
53	44051.0
54	36386.0
55	29347.0
56	23623.0
57	18727.5
58	14640.5
59	11197.0
60	8394.0
61	6127.5
62	4433.5
63	3197.5
64	2318.0
65	1644.5
66	1131.5
67	775.0
68	511.5
69	363.0
70	259.5
71	157.5
72	81.0
73	48.0
74	24.0
75	9.0
76	3.5
77	0.5
78	0.5
79	1.0
80	1.0
81	0.0
82	0.0
83	0.0
84	0.0
85	0.0
86	0.0
87	0.0
88	0.0
89	0.0
90	0.0
91	0.0
92	0.0
93	0.0
94	0.0
95	0.0
96	0.0
97	0.0
98	0.0
99	0.0
100	0.0
>>END_MODULE
>>Per base N content	pass
#Base	N-Count
1	0.03242484990127735
2	0.03242484990127735
3	0.03242484990127735
4	0.03242484990127735
5	0.03242484990127735
6	0.03242484990127735
7	0.03242484990127735
8	0.03242484990127735
9	0.03242484990127735
10-14	0.03242484990127735
15-19	0.03242484990127735
20-24	0.03242484990127735
25-29	0.03242484990127735
30-34	0.03242484990127735
35-39	0.006488241291016394
40-44	0.0
45-49	0.0
50-54	0.0
55-59	0.0
60-64	0.0
65-69	0.0
70-74	0.0
75-79	0.0
80-84	0.0
85-89	0.0
90-94	0.0
95-99	0.0
100-104	0.0
105-109	0.0
110-114	0.0
115-119	0.0
120-124	0.0
125-129	0.0
130-134	0.0
135-139	0.0
140-144	0.0
145-149	0.0
150-151	0.0
>>END_MODULE
>>Sequence Length Distribution	warn
#Length	Count
35-39	1691.0
40-44	1656.0
45-49	1996.0
50-54	1960.0
55-59	2337.0
60-64	2279.0
65-69	2540.0
70-74	2659.0
75-79	2778.0
80-84	2982.0
85-89	3114.0
90-94	3233.0
95-99	3355.0
100-104	3688.0
105-109	3804.0
110-114	4128.0
115-119	4149.0
120-124	4506.0
125-129	4587.0
130-134	4983.0
135-139	5214.0
140-144	5807.0
145-149	119131.0
150-152	1395711.0
>>END_MODULE
>>Sequence Duplication Levels	pass
#Total Deduplicated Percentage	71.22296096321259
#Duplication Level	Percentage of total
1	54.90784305827054
2	21.675847768445315
3	9.470290418773171
4	4.580431761357027
5	2.492149458304799
6	1.4336352147063085
7	0.8631215687021536
8	0.6060515928122105
9	0.41709260330809383
>10	3.0574662957984917
>50	0.4095342118938877
>100	0.054053493306989595
>500	0.032482554321003075
>1k	0.0
>5k	0.0
>10k+	0.0
>>END_MODULE
>>Overrepresented sequences	pass
>>END_MODULE
>>Adapter Content	pass
#Position	Illumina Universal Adapter	Illumina Small RNA 3' Adapter	Illumina Small RNA 5' Adapter	Nextera Transposase Sequence	PolyA	PolyG
1	0.0	0.0	0.0	0.0	6.29608735947133E-5	0.0
2	0.0	0.0	0.0	0.0	6.29608735947133E-5	0.0
3	0.0	0.0	0.0	0.0	1.259217471894266E-4	0.0
4	0.0	0.0	0.0	0.0	1.259217471894266E-4	0.0
5	0.0	0.0	0.0	0.0	1.259217471894266E-4	0.0
6	0.0	0.0	0.0	0.0	1.259217471894266E-4	0.0
7	0.0	0.0	0.0	0.0	1.259217471894266E-4	0.0
8	0.0	0.0	0.0	0.0	1.259217471894266E-4	0.0
9	0.0	0.0	0.0	0.0	1.259217471894266E-4	0.0
10-14	0.0	0.0	0.0	0.0	1.5110609662731192E-4	1.259217471894266E-5
15-19	0.0	0.0	0.0	0.0	3.0221219325462384E-4	6.29608735947133E-5
20-24	0.0	1.0073739775154128E-4	0.0	0.0	3.6517306684933715E-4	6.29608735947133E-5
25-29	0.0	1.259217471894266E-4	0.0	0.0	4.6591046460087843E-4	6.29608735947133E-5
30-34	0.0	1.259217471894266E-4	0.0	0.0	7.555304831365596E-4	8.814522303259862E-5
35-39	0.0	1.259217471894266E-4	0.0	7.555304831365596E-5	8.18491356731273E-4	1.259217471894266E-4
40-44	0.0	1.888826207841399E-4	0.0	2.3925131965991052E-4	8.18491356731273E-4	1.888826207841399E-4
45-49	0.0	1.888826207841399E-4	0.0	3.6517306684933715E-4	8.310835314502156E-4	2.1406697022202523E-4
50-54	0.0	1.888826207841399E-4	0.0	4.910948140387638E-4	9.570052786396423E-4	3.9035741628722244E-4
55-59	0.0	2.0147479550308256E-4	0.0	7.303461336986743E-4	0.0010955192005480115	4.407261151629931E-4
60-64	0.0	2.518434943788532E-4	0.0	0.0010199661522343553	0.0012718096466132086	5.036869887577064E-4
65-69	0.0	2.518434943788532E-4	0.0	0.0012340331224563808	0.0015110609662731193	5.666478623524197E-4
70-74	0.0	3.148043679735665E-4	0.0	0.0015866140145867752	0.001611798364024661	5.792400370713623E-4
75-79	0.0	3.148043679735665E-4	0.0	0.0018006809848088	0.0016621670629004312	6.67385260103961E-4
80-84	0.0	4.155417657251078E-4	0.0	0.002027340129749768	0.0018384575089656283	8.058991820123302E-4
85-89	0.0	4.6591046460087843E-4	0.0	0.0022288149252528504	0.001964379256155055	8.940444050449288E-4
90-94	0.0	5.036869887577064E-4	0.0	0.0023547366724422777	0.002102893178063424	0.0011081113752669542
95-99	0.0	6.67385260103961E-4	0.0	0.0025058427690695896	0.0023043679735665072	0.001334770520207922
100-104	0.0	8.18491356731273E-4	0.0	0.0028836080106378692	0.002442881895474876	0.0014229157432405204
105-109	0.0	8.562678808881008E-4	0.0	0.0031354515050167225	0.0027450940887295	0.001888826207841399
110-114	0.0	9.192287544828141E-4	0.0	0.003374702824676633	0.003097674980859894	0.002266591449409679
115-119	0.0	0.0010577426763911835	0.0	0.0038406132892775113	0.003588769794898658	0.0027073175645726715
120-124	0.0	0.0011836644235806101	0.0	0.004142825482532135	0.004180602006688963	0.003047306281984124
125-129	0.0	0.001334770520207922	0.0	0.004369484627473103	0.004533182898819358	0.003437663698271346
130-134	0.0	0.001410323568521578	0.0	0.004621328121851956	0.005125015110609662	0.0038280211145585684
135-139	0.0	0.0014481000926784059	0.0	0.004772434218479268	0.0057546238465567955	0.004205786356126848
140	0.0	0.0014481000926784059	0.0	0.0047850263931982105	0.005981282991497763	0.004533182898819358
>>END_MODULE
