##FastQC	0.12.1
>>Basic Statistics	pass
#Measure	Value
Filename	SRR8893090_1.processed.fastq.gz
File type	Conventional base calls
Encoding	Sanger / Illumina 1.9
Total Sequences	1472011
Total Bases	218.1 Mbp
Sequences flagged as poor quality	0
Sequence length	31-151
%GC	43
>>END_MODULE
>>Per base sequence quality	pass
#Base	Mean	Median	Lower Quartile	Upper Quartile	10th Percentile	90th Percentile
1	32.65955281584173	33.0	32.0	34.0	32.0	34.0
2	32.869079103349094	33.0	32.0	34.0	32.0	34.0
3	33.05380802181505	33.0	33.0	34.0	32.0	34.0
4	33.17610262423311	33.0	33.0	34.0	32.0	34.0
5	33.04670821074027	33.0	33.0	34.0	32.0	34.0
6	35.62371137172209	37.0	37.0	37.0	33.0	37.0
7	35.902401544553676	37.0	37.0	37.0	33.0	37.0
8	35.85523681548575	37.0	36.0	37.0	33.0	37.0
9	35.96389497089356	37.0	37.0	37.0	33.0	37.0
10-14	36.46932013415661	37.4	35.8	37.4	34.6	37.4
15-19	37.52719184843048	38.0	38.0	38.0	37.0	38.0
20-24	37.772808491240895	38.4	38.0	38.4	37.0	38.4
25-29	38.12897485141076	39.0	38.0	39.0	37.0	39.0
30-34	38.098897383107825	39.0	38.0	39.0	37.0	39.0
35-39	38.148514582330506	39.0	38.0	39.0	37.0	39.0
40-44	38.11695623990482	39.0	38.0	39.0	37.0	39.0
45-49	38.14355561466292	39.0	38.0	39.0	37.0	39.0
50-54	38.11509828305823	39.0	38.0	39.0	37.0	39.0
55-59	38.13111729175622	39.0	38.0	39.0	37.0	39.0
60-64	38.137681937766395	39.0	38.0	39.0	37.0	39.0
65-69	38.07597861003053	39.0	38.0	39.0	37.0	39.0
70-74	38.07564260374262	39.0	38.0	39.0	37.0	39.0
75-79	38.03544498982857	39.0	38.0	39.0	37.0	39.0
80-84	38.04581096819935	39.0	38.0	39.0	37.0	39.0
85-89	38.00268835065438	39.0	38.0	39.0	37.0	39.0
90-94	37.932094583965764	39.0	38.0	39.0	37.0	39.0
95-99	37.917627676682436	39.0	38.0	39.0	37.0	39.0
100-104	37.86443935073792	39.0	38.0	39.0	37.0	39.0
105-109	37.851018386684565	39.0	38.0	39.0	37.0	39.0
110-114	37.7908528038176	39.0	38.0	39.0	37.0	39.0
115-119	37.75218804877994	39.0	38.0	39.0	36.8	39.0
120-124	37.715984941049385	39.0	38.0	39.0	36.8	39.0
125-129	37.70918085430732	39.0	38.0	39.0	36.8	39.0
130-134	37.58907945126506	39.0	38.0	39.0	36.2	39.0
135-139	37.55081302363069	39.0	38.0	39.0	36.0	39.0
140-144	37.47428090811735	39.0	38.0	39.0	35.8	39.0
145-149	37.45850337583423	39.0	38.0	39.0	35.8	39.0
150-151	36.41463277487413	38.5	37.0	39.0	32.5	39.0
>>END_MODULE
>>Per sequence quality scores	pass
#Quality	Count
25	19.0
26	381.0
27	1452.0
28	2390.0
29	3650.0
30	5570.0
31	8420.0
32	12864.0
33	19758.0
34	32100.0
35	53866.0
36	105814.0
37	340530.0
38	885197.0
>>END_MODULE
>>Per base sequence content	fail
#Base	G	A	T	C
1	39.13374288643223	23.442080256193737	15.723252068089167	21.700924789284862
2	14.258113560292687	20.966487342825562	42.59336377241746	22.182035324464287
3	16.65347609494766	29.123627472892526	31.33604300511341	22.886853427046404
4	12.768043173590415	19.79679499677652	40.835088868221774	26.600072961411293
5	13.201463847756573	37.584297943425696	36.6949703500857	12.519267858732034
6	25.811084292169014	39.359080876433666	20.82987151590579	13.999963315491529
7	23.199419026080648	32.43467609956719	27.462770318971803	16.903134555380362
8	22.545619563984236	37.98585744264139	22.007715974948557	17.460807018425815
9	22.611583744958427	18.064199248511052	23.56809833622167	35.75611867030885
10-14	22.711800387361237	24.73882328324992	29.781883423425505	22.767492905963337
15-19	21.736237025402662	29.655335456052978	27.306032359812527	21.30239515873183
20-24	21.61549064511067	28.576131564234235	28.357491893742644	21.450885896912457
25-29	21.746427166644814	28.403347529332322	28.2841908110741	21.566034492948763
30-34	21.68425011416367	28.481108884223154	28.23600175379315	21.59863924782002
35-39	21.759416807554103	28.357895766853492	28.285513147380037	21.597174278212368
40-44	21.772519045756063	28.412211593031056	28.176142704554497	21.639126656658384
45-49	21.741866156756515	28.381702615060057	28.289989608401534	21.586441619781898
50-54	21.767400352630744	28.391766239826822	28.169466224948632	21.671367182593805
55-59	21.74384309511808	28.26871400417696	28.29203920874023	21.695403691964728
60-64	21.79335132097268	28.34943417170942	28.1677158848399	21.689498622478002
65-69	21.76160280906942	28.34098926762765	28.16569640964719	21.731711513655746
70-74	21.815788260273386	28.287217317891738	28.244250296144468	21.65274412569041
75-79	21.799266714793465	28.36381768586913	28.151206494615433	21.685709104721976
80-84	21.795425956934043	28.329619705807968	28.23153090162358	21.643423435634404
85-89	21.792626925290648	28.212107367691697	28.225040407121593	21.77022529989607
90-94	21.778693293341313	28.283524509913764	28.274256851358654	21.66352534538627
95-99	21.836358696104227	28.25025715814602	28.145051057328942	21.768333088420814
100-104	21.77923411611519	28.26442824129081	28.226393908948282	21.729943733645722
105-109	21.837374071733556	28.226154293681603	28.197956615699084	21.738515018885757
110-114	21.818319985170415	28.301234462357005	28.176546374651245	21.703899177821334
115-119	21.846621731891666	28.17955325317171	28.240336373423247	21.73348864151337
120-124	21.886142396187886	28.246024388825212	28.151595456958194	21.716237758028704
125-129	21.847578566619454	28.243081865559844	28.226126638212516	21.68321292960818
130-134	21.864744347968717	28.210856453217364	28.169637649241412	21.754761549572503
135-139	21.849095794821206	28.25119170784473	28.209998270244558	21.689714227089503
140-144	21.8560326209187	28.292391248767405	28.13169664699219	21.7198794833217
145-149	21.957463084131298	28.392726321109645	28.233365661753655	21.416444933005398
150-151	25.597752923519263	34.64071556363202	29.875607638583773	9.885923874264947
>>END_MODULE
>>Per sequence GC content	pass
#GC Content	Count
0	0.0
1	0.0
2	0.0
3	0.0
4	0.0
5	0.0
6	0.0
7	0.0
8	0.0
9	0.0
10	0.0
11	1.0
12	2.5
13	7.0
14	14.5
15	29.0
16	100.5
17	182.5
18	251.0
19	373.0
20	653.5
21	1103.0
22	1670.5
23	2472.5
24	3463.0
25	5075.0
26	7127.0
27	9182.5
28	11741.5
29	14799.5
30	18040.0
31	21702.5
32	25163.0
33	28400.5
34	32109.5
35	36799.0
36	41540.0
37	45952.0
38	51221.0
39	56791.0
40	61656.0
41	65817.0
42	69929.0
43	73797.5
44	76649.5
45	77240.0
46	76567.0
47	75477.0
48	72866.0
49	68394.5
50	62150.0
51	54881.5
52	47461.0
53	40414.0
54	33330.0
55	26843.0
56	21505.0
57	17023.0
58	13292.5
59	10110.5
60	7578.5
61	5491.0
62	3927.0
63	2835.5
64	2061.5
65	1463.0
66	1001.0
67	671.5
68	434.5
69	310.5
70	225.0
71	135.0
72	62.0
73	34.5
74	20.5
75	7.0
76	2.5
77	0.5
78	0.5
79	0.5
80	0.5
81	0.0
82	0.0
83	0.0
84	0.0
85	0.0
86	0.0
87	0.0
88	0.0
89	0.0
90	0.0
91	0.0
92	0.0
93	0.0
94	0.0
95	0.0
96	0.0
97	0.0
98	0.0
99	0.0
100	0.0
>>END_MODULE
>>Per base N content	pass
#Base	N-Count
1	0.0
2	0.0
3	0.0
4	0.0
5	0.0
6	0.0
7	0.0
8	0.0
9	0.0
10-14	0.0
15-19	0.0
20-24	0.0
25-29	0.0
30-34	0.0
35-39	0.0
40-44	0.0
45-49	0.0
50-54	0.0
55-59	0.0
60-64	0.0
65-69	0.0
70-74	0.0
75-79	0.0
80-84	0.0
85-89	0.0
90-94	0.0
95-99	0.0
100-104	0.0
105-109	0.0
110-114	0.0
115-119	0.0
120-124	0.0
125-129	0.0
130-134	0.0
135-139	0.0
140-144	0.0
145-149	0.0
150-151	0.0
>>END_MODULE
>>Sequence Length Distribution	warn
#Length	Count
30-34	7.0
35-39	1138.0
40-44	1601.0
45-49	1936.0
50-54	1909.0
55-59	2282.0
60-64	2227.0
65-69	2490.0
70-74	2600.0
75-79	2707.0
80-84	2915.0
85-89	3053.0
90-94	3168.0
95-99	3287.0
100-104	3623.0
105-109	3728.0
110-114	4049.0
115-119	4057.0
120-124	4413.0
125-129	4485.0
130-134	4873.0
135-139	5084.0
140-144	5669.0
145-149	110385.0
150-152	1290325.0
>>END_MODULE
>>Sequence Duplication Levels	pass
#Total Deduplicated Percentage	71.98174400081047
#Duplication Level	Percentage of total
1	55.894280216258764
2	21.645927624476773
3	9.198035517546925
4	4.333348760577265
5	2.348231575259159
6	1.3355500373571163
7	0.812967274748765
8	0.5844473469820503
9	0.42879635018366846
>10	2.9692806783437877
>50	0.3924802204069573
>100	0.056654397858713915
>500	0.0
>1k	0.0
>5k	0.0
>10k+	0.0
>>END_MODULE
>>Overrepresented sequences	pass
>>END_MODULE
>>Adapter Content	pass
#Position	Illumina Universal Adapter	Illumina Small RNA 3' Adapter	Illumina Small RNA 5' Adapter	Nextera Transposase Sequence	PolyA	PolyG
1	0.0	0.0	0.0	0.0	0.0	0.0
2	0.0	0.0	0.0	0.0	0.0	0.0
3	0.0	0.0	0.0	0.0	0.0	0.0
4	0.0	0.0	0.0	0.0	0.0	0.0
5	0.0	0.0	0.0	0.0	0.0	0.0
6	0.0	0.0	0.0	0.0	0.0	0.0
7	0.0	0.0	0.0	0.0	0.0	0.0
8	0.0	0.0	0.0	0.0	0.0	0.0
9	0.0	0.0	0.0	0.0	0.0	0.0
10-14	0.0	0.0	0.0	0.0	1.3586854989534726E-5	0.0
15-19	0.0	0.0	0.0	0.0	6.793427494767363E-5	0.0
20-24	0.0	1.086948399162778E-4	0.0	0.0	1.2228169490581254E-4	0.0
25-29	0.0	1.3586854989534726E-4	0.0	0.0	2.0380282484302087E-4	0.0
30-34	0.0	1.3586854989534726E-4	0.0	0.0	2.0380282484302087E-4	0.0
35-39	0.0	1.3586854989534726E-4	0.0	4.0760564968604177E-5	2.0380282484302087E-4	0.0
40-44	0.0	2.0380282484302087E-4	0.0	1.086948399162778E-4	2.0380282484302087E-4	0.0
45-49	0.0	2.0380282484302087E-4	0.0	1.3586854989534726E-4	2.0380282484302087E-4	0.0
50-54	0.0	2.0380282484302087E-4	0.0	1.9021596985348616E-4	2.0380282484302087E-4	0.0
55-59	0.0	2.173896798325556E-4	0.0	2.8532395478022925E-4	2.0380282484302087E-4	0.0
60-64	0.0	2.717370997906945E-4	0.0	5.027136346127849E-4	2.0380282484302087E-4	0.0
65-69	0.0	2.717370997906945E-4	0.0	6.521690394976668E-4	3.260845197488334E-4	0.0
70-74	0.0	2.717370997906945E-4	0.0	9.239061392883613E-4	3.396713747383681E-4	0.0
75-79	0.0	2.717370997906945E-4	0.0	0.0010597746891837087	3.396713747383681E-4	4.0760564968604177E-5
80-84	0.0	3.804319397069722E-4	0.0	0.0013043380789953337	4.347793596651112E-4	1.2228169490581254E-4
85-89	0.0	4.347793596651112E-4	0.0	0.0015217277588278893	4.7553992463371543E-4	2.0380282484302087E-4
90-94	0.0	4.7553992463371543E-4	0.0	0.0016575963087232365	4.891267796232502E-4	3.260845197488334E-4
95-99	0.0	6.521690394976668E-4	0.0	0.0018206385685976532	5.97821619539528E-4	4.0760564968604174E-4
100-104	0.0	8.152112993720835E-4	0.0	0.0020923756683883478	6.657558944872015E-4	4.0760564968604174E-4
105-109	0.0	8.559718643406877E-4	0.0	0.002296178493231369	7.744507344034791E-4	8.152112993720835E-4
110-114	0.0	9.239061392883613E-4	0.0	0.002554328738032528	8.287981543616182E-4	0.0010597746891837085
115-119	0.0	0.0010733615441732435	0.0	0.0029891080976976398	0.0011141221091418474	0.0013722723539430072
120-124	0.0	0.0012092300940685905	0.0	0.00322008463251973	0.0014673803388697503	0.0017119437286813755
125-129	0.0	0.0013722723539430072	0.0	0.003423887457362751	0.0016983568736918405	0.002078788813398813
130-134	0.0	0.0014537934838802155	0.0	0.003627690282205771	0.002065201958409278	0.0024999813180743894
135-139	0.0	0.0014945540488488197	0.0	0.0037227982671325147	0.002459220753105785	0.0027445447078860144
140	0.0	0.0014945540488488197	0.0	0.0037363851221220495	0.0026494367229592712	0.002921173822749966
>>END_MODULE
