##FastQC	0.12.1
>>Basic Statistics	pass
#Measure	Value
Filename	SRR8893090_2.fastq.gz
File type	Conventional base calls
Encoding	Sanger / Illumina 1.9
Total Sequences	1588288
Total Bases	235.5 Mbp
Sequences flagged as poor quality	0
Sequence length	35-151
%GC	43
>>END_MODULE
>>Per base sequence quality	pass
#Base	Mean	Median	Lower Quartile	Upper Quartile	10th Percentile	90th Percentile
1	30.129818395656205	32.0	31.0	33.0	18.0	33.0
2	30.446422815005842	32.0	32.0	33.0	18.0	34.0
3	30.91323110166418	32.0	32.0	33.0	29.0	34.0
4	30.828435397106823	32.0	32.0	33.0	18.0	34.0
5	31.005225122899624	32.0	32.0	33.0	29.0	34.0
6	34.05812547850264	37.0	33.0	37.0	29.0	37.0
7	34.21656210964258	37.0	33.0	37.0	30.0	37.0
8	33.870661366200586	37.0	33.0	37.0	29.0	37.0
9	34.077098108151674	37.0	33.0	37.0	30.0	37.0
10-14	34.771546847926814	37.4	34.6	37.4	31.4	37.4
15-19	35.60770275919732	38.0	37.0	38.0	32.0	38.0
20-24	35.85960770338881	38.0	37.0	38.4	32.0	38.4
25-29	36.04046457569408	38.0	37.0	39.0	32.0	39.0
30-34	36.02039101220937	38.0	37.0	39.0	32.0	39.0
35-39	35.773219864837785	38.0	37.0	39.0	32.0	39.0
40-44	35.79214785310414	38.0	37.0	39.0	32.0	39.0
45-49	35.69377906594815	38.0	36.0	39.0	31.6	39.0
50-54	35.581138559310816	38.0	36.0	39.0	30.8	39.0
55-59	35.52371143176761	38.0	36.0	39.0	28.2	39.0
60-64	35.44475700307265	38.0	36.0	39.0	27.4	39.0
65-69	35.4426896777912	38.0	36.0	39.0	27.4	39.0
70-74	35.45279942096033	38.0	36.0	39.0	29.2	39.0
75-79	35.23764128290123	38.0	36.0	39.0	23.4	39.0
80-84	35.20212859882183	38.0	36.0	39.0	21.4	39.0
85-89	35.24420948848128	38.0	36.0	39.0	21.8	39.0
90-94	35.1441427020858	38.0	36.0	39.0	19.4	39.0
95-99	35.02488258176113	38.0	36.0	39.0	18.6	39.0
100-104	34.77427558886375	38.0	35.6	39.0	18.0	39.0
105-109	34.81647874833059	38.0	35.8	39.0	18.0	39.0
110-114	34.67321034020887	38.0	35.0	39.0	17.6	39.0
115-119	34.58388739475049	38.0	34.8	39.0	17.0	39.0
120-124	34.178352764266364	38.0	33.6	39.0	16.8	39.0
125-129	34.14004318166068	38.0	34.0	39.0	17.0	39.0
130-134	33.97327275523203	38.0	33.4	39.0	16.2	39.0
135-139	33.705554540677035	37.4	33.0	39.0	16.0	39.0
140-144	33.40797545368517	37.0	33.0	39.0	16.0	39.0
145-149	33.116768332224424	37.0	32.0	39.0	16.0	39.0
150-151	31.29873334722308	35.5	24.5	38.5	15.0	39.0
>>END_MODULE
>>Per sequence quality scores	pass
#Quality	Count
2	511.0
3	0.0
4	0.0
5	0.0
6	0.0
7	0.0
8	0.0
9	0.0
10	0.0
11	0.0
12	0.0
13	0.0
14	2.0
15	18.0
16	105.0
17	374.0
18	1026.0
19	2675.0
20	5738.0
21	9896.0
22	13226.0
23	16310.0
24	19345.0
25	22404.0
26	25655.0
27	28678.0
28	32763.0
29	37327.0
30	41960.0
31	49049.0
32	58776.0
33	73877.0
34	98115.0
35	140025.0
36	231192.0
37	469759.0
38	209482.0
>>END_MODULE
>>Per base sequence content	fail
#Base	G	A	T	C
1	39.11260838266331	23.36757617725915	15.807572473968321	21.712242966109223
2	13.93822936092411	20.688673535389416	43.51498982539739	21.85810727828908
3	16.36243628670777	29.12581552699151	31.42632750065028	23.08542068565044
4	12.377241892280843	19.45714039188123	41.659943430343176	26.505674285494752
5	13.257088369462464	37.33817784235443	36.810395918318505	12.594337869864598
6	26.542959118314474	39.33423900207649	20.955398648550773	13.167403231058266
7	23.163958162890633	32.24212216199126	27.42746619959856	17.166453475519546
8	22.354524596338152	37.639983448557324	22.315791197378473	17.689700757726055
9	22.565952271635123	18.02305991332536	23.624413251986898	35.78657456305262
10-14	22.622597505821034	24.604399736235	29.891502396117335	22.881500361826628
15-19	21.628641805492837	29.47051128716438	27.33911626128858	21.5617306460542
20-24	21.53141152693357	28.503851611403867	28.40340929488209	21.561327566780474
25-29	21.75316810861979	28.26107192634734	28.2701664024608	21.715593562572074
30-34	21.63208057554682	28.384577935062673	28.29139104546797	21.691950443922543
35-39	21.665350671459937	28.334958010996402	28.306622221432665	21.693069096110992
40-44	21.68342830495114	28.348419459330763	28.221179727949096	21.746972507768998
45-49	21.677241777729638	28.283690973199327	28.313725222848703	21.725342026222336
50-54	21.698359336170498	28.328501357823882	28.16240746648923	21.810731839516393
55-59	21.655352232562407	28.19024956728381	28.332401978311978	21.821996221841804
60-64	21.735704232350333	28.198612099788473	28.238412701309922	21.82727096655127
65-69	21.70192098726315	28.277831770423944	28.2034183946006	21.8168288477123
70-74	21.743956123460876	28.14135927603812	28.258377112770837	21.856307487730163
75-79	21.741806243618928	28.21528390553261	28.20177029563346	21.841139555215005
80-84	21.73426557365126	28.18599125817353	28.236265373320396	21.843477794854817
85-89	21.751035872887584	28.054471489732936	28.276009131508268	21.918483505871215
90-94	21.727962972167127	28.117959349522675	28.318882893278534	21.835194785031664
95-99	21.778142618018258	28.122657349120445	28.171577034062782	21.92762299879851
100-104	21.777372608820222	28.078324545738397	28.236965689333786	21.907337156107594
105-109	21.762088200612187	28.110295642377643	28.22693753204589	21.90067862496428
110-114	21.734854040997362	28.142671513673477	28.21367269103641	21.908801754292746
115-119	21.757276021121356	28.046772273449395	28.283010933993687	21.91294077143556
120-124	21.78865362516428	28.059693189390945	28.23263046235797	21.919022723086805
125-129	21.741058648507856	28.10727901021355	28.247508665115888	21.904153676162704
130-134	21.79466258071417	28.075193137357203	28.163128462984655	21.967015818943974
135-139	21.774530931441337	28.080264861080302	28.226249630544924	21.918954576933437
140-144	21.7538350264897	28.09865914443328	28.181597849702168	21.965907979374855
145-149	21.858519341867126	28.209067382915	28.276813541685215	21.65559973353266
150-151	25.773777353353516	34.236056647093484	29.93481926976451	10.055346729788488
>>END_MODULE
>>Per sequence GC content	pass
#GC Content	Count
0	512.0
1	256.0
2	0.0
3	0.0
4	0.0
5	0.5
6	0.5
7	0.0
8	2.0
9	2.5
10	1.0
11	3.5
12	6.5
13	10.0
14	18.5
15	36.0
16	106.0
17	187.5
18	262.0
19	413.5
20	712.5
21	1205.0
22	1799.5
23	2614.0
24	3750.0
25	5460.5
26	7603.5
27	9874.5
28	12559.0
29	15855.0
30	19371.5
31	23048.5
32	26780.0
33	30507.0
34	34870.0
35	39841.0
36	44962.5
37	49697.5
38	55235.0
39	61172.0
40	66407.0
41	70772.5
42	74691.0
43	78800.0
44	81888.0
45	82779.0
46	82107.5
47	80954.5
48	77834.5
49	73082.5
50	66675.5
51	59022.0
52	51259.0
53	43521.5
54	36193.5
55	29534.0
56	23724.0
57	18788.0
58	14894.5
59	11446.0
60	8580.0
61	6395.5
62	4648.0
63	3317.5
64	2451.5
65	1785.0
66	1255.5
67	915.5
68	651.5
69	435.0
70	287.5
71	181.0
72	117.0
73	82.0
74	50.0
75	25.0
76	15.5
77	12.0
78	8.0
79	4.5
80	3.5
81	5.5
82	7.0
83	3.5
84	2.0
85	2.0
86	3.5
87	5.0
88	3.5
89	1.0
90	0.5
91	0.5
92	1.0
93	1.5
94	1.5
95	2.5
96	2.5
97	1.5
98	1.5
99	2.5
100	6.0
>>END_MODULE
>>Per base N content	pass
#Base	N-Count
1	0.0321730064068985
2	0.0321730064068985
3	0.0321730064068985
4	0.0321730064068985
5	0.0321730064068985
6	0.0321730064068985
7	0.0321730064068985
8	0.0321730064068985
9	0.0321730064068985
10-14	0.0321730064068985
15-19	0.0321730064068985
20-24	0.0321730064068985
25-29	0.0321730064068985
30-34	0.0321730064068985
35-39	0.006437819607507177
40-44	0.0
45-49	0.0
50-54	0.0
55-59	0.0
60-64	0.0
65-69	0.0
70-74	0.0
75-79	0.0
80-84	0.0
85-89	0.0
90-94	0.0
95-99	0.0
100-104	0.0
105-109	0.0
110-114	0.0
115-119	0.0
120-124	0.0
125-129	0.0
130-134	0.0
135-139	0.0
140-144	0.0
145-149	0.0
150-151	0.0
>>END_MODULE
>>Sequence Length Distribution	warn
#Length	Count
35-39	1677.0
40-44	1633.0
45-49	1976.0
50-54	1944.0
55-59	2306.0
60-64	2256.0
65-69	2536.0
70-74	2628.0
75-79	2739.0
80-84	2952.0
85-89	3087.0
90-94	3198.0
95-99	3306.0
100-104	3648.0
105-109	3755.0
110-114	4104.0
115-119	4101.0
120-124	4436.0
125-129	4529.0
130-134	4900.0
135-139	5143.0
140-144	5670.0
145-149	119568.0
150-152	1396196.0
>>END_MODULE
>>Sequence Duplication Levels	pass
#Total Deduplicated Percentage	75.04152020635587
#Duplication Level	Percentage of total
1	60.64265191908442
2	19.476278213781846
3	8.16155621977179
4	3.894155679053314
5	1.9953752246483158
6	1.1438527007965205
7	0.6960496401848872
8	0.5044049670997762
9	0.3770175799922472
>10	2.730152563456369
>50	0.29426666924971373
>100	0.05197030482077562
>500	0.03226831806004416
>1k	0.0
>5k	0.0
>10k+	0.0
>>END_MODULE
>>Overrepresented sequences	pass
>>END_MODULE
>>Adapter Content	pass
#Position	Illumina Universal Adapter	Illumina Small RNA 3' Adapter	Illumina Small RNA 5' Adapter	Nextera Transposase Sequence	PolyA	PolyG
1	0.0	0.0	0.0	0.0	0.0	0.0
2	0.0	0.0	0.0	0.0	0.0	0.0
3	0.0	0.0	0.0	0.0	0.0	0.0
4	0.0	0.0	0.0	0.0	0.0	0.0
5	0.0	0.0	0.0	0.0	0.0	0.0
6	0.0	0.0	0.0	0.0	0.0	6.29608735947133E-5
7	0.0	0.0	0.0	0.0	0.0	6.29608735947133E-5
8	0.0	0.0	0.0	0.0	0.0	6.29608735947133E-5
9	0.0	0.0	0.0	0.0	6.29608735947133E-5	1.259217471894266E-4
10-14	0.0	0.0	0.0	0.0	2.0147479550308256E-4	1.7629044606519724E-4
15-19	0.0	1.0073739775154128E-4	0.0	0.0	4.029495910061651E-4	3.148043679735665E-4
20-24	0.0	1.259217471894266E-4	0.0	0.0	4.910948140387638E-4	3.3998871741145186E-4
25-29	0.0	1.7629044606519727E-4	0.0	0.0	6.673852601039611E-4	4.407261151629931E-4
30-34	0.0	1.888826207841399E-4	0.0	0.0	0.0010955192005480115	4.6591046460087843E-4
35-39	0.0	1.888826207841399E-4	0.0	1.0073739775154128E-4	0.001485876616835234	8.436757061691582E-4
40-44	0.0	1.888826207841399E-4	0.0	3.525808921303945E-4	0.001636982713462546	0.0010325583269532982
45-49	0.0	1.888826207841399E-4	0.0	5.792400370713623E-4	0.0017629044606519723	0.0011332957247048394
50-54	5.036869887577064E-5	1.888826207841399E-4	0.0	7.42938308417617E-4	0.0019266027319982271	0.001334770520207922
55-59	6.29608735947133E-5	2.518434943788532E-4	0.0	9.318209292017569E-4	0.002002155780311883	0.0016621670629004312
60-64	6.29608735947133E-5	2.518434943788532E-4	0.0	0.001410323568521578	0.0022288149252528513	0.0019014183825603417
65-69	6.29608735947133E-5	2.518434943788532E-4	0.0	0.0016873514123383164	0.002468066244912761	0.002077708828625539
70-74	6.29608735947133E-5	2.518434943788532E-4	0.0	0.002014747955030825	0.002996937583108353	0.002405105371318048
75-79	6.29608735947133E-5	2.518434943788532E-4	0.0	0.0024302897207559336	0.003336926300519805	0.0028458314864810413
80-84	6.29608735947133E-5	2.518434943788532E-4	0.0	0.002971753233670468	0.0037020993673691424	0.003273965426925092
85-89	6.29608735947133E-5	2.518434943788532E-4	0.0	0.003790244590401741	0.004319115928597333	0.003765060240963856
90-94	6.29608735947133E-5	2.8962001853568116E-4	0.0	0.004117641133094251	0.004936132489825523	0.00430652375387839
95-99	6.29608735947133E-5	4.2813394044405046E-4	0.0	0.0048228029173550385	0.005162791634766491	0.0048228029173550385
100-104	6.29608735947133E-5	5.036869887577064E-4	0.0	0.005502780352177943	0.005553149051053714	0.005339082080831688
105-109	6.29608735947133E-5	5.036869887577064E-4	0.0	0.006573115203288069	0.006056836039811419	0.006170165612281904
110-114	6.29608735947133E-5	6.170165612281904E-4	0.0	0.007441975258895113	0.006648668251601725	0.006661260426320667
115-119	6.29608735947133E-5	6.925696095418463E-4	0.0	0.008033807470685416	0.007051617842607889	0.007202723939235202
120-124	6.29608735947133E-5	7.051617842607891E-4	0.0	0.008738969254946206	0.007467159608332998	0.007731595277430793
125-129	6.29608735947133E-5	7.681226578555023E-4	0.0	0.009733751057742678	0.008058991820123302	0.00842416488697264
130-134	6.29608735947133E-5	8.18491356731273E-4	0.0	0.011244812024015793	0.008676008381351494	0.009318209292017569
135-139	6.29608735947133E-5	8.814522303259862E-4	0.0	0.012390699923439576	0.009217471894266027	0.00988485715436999
140	6.29608735947133E-5	9.444131039206995E-4	0.0	0.012466252971753234	0.009507091912801708	0.010325583269532982
>>END_MODULE
